20
210 100 160 20 60 30 80 105 160 250 45 210 235 210 60 225 115 85 120 50 135 110 150 65 55 120 55 30 130 55 235 260 70 220 225 85 15 160 210 270 265 135 135 145 200 240 75 200 55 75 180 150 0 65 5 250 205 70 215 
648 348 420 144 312 324 468 420 312 228 288 228 408 480 72 24 492 24 240 648 180 300 144 432 300 564 396 636 504 36 396 540 48 504 0 348 564 552 252 492 372 264 444 600 72 252 444 228 96 24 72 204 504 240 0 348 624 144 456 108 168 480 456 408 96 216 84 468 624 288 276 624 252 240 204 252 204 552 60 156 360 252 504 360 612 552 168 
2385 1755 270 1170 585 495 1980 2340 2295 2160 1710 540 990 315 1485 1755 1395 1395 1080 2070 45 1845 2295 1305 405 1620 315 
135 198 180 423 225 162 0 0 450 153 198 9 486 468 486 468 441 27 189 441 459 90 405 432 234 162 18 459 63 90 360 0 270 9 45 198 27 144 423 63 270 387 423 405 396 72 342 63 315 351 387 378 153 405 288 306 54 243 324 99 171 
100 270 115 5 150 5 30 240 95 35 210 65 195 185 80 85 130 245 240 95 25 95 120 130 145 45 95 170 75 255 125 55 155 245 15 35 95 240 210 235 85 95 95 190 
84 126 150 36 54 75 120 93 96 27 21 78 87 48 132 9 42 54 102 150 51 24 42 15 159 12 18 138 90 129 132 93 9 75 18 129 48 90 66 153 162 132 69 48 114 24 162 138 120 81 132 45 99 24 99 108 63 63 105 93 
51 221 102 884 289 374 323 850 391 850 680 289 306 544 238 136 493 765 731 238 51 731 833 187 459 17 833 833 306 680 238 102 153 238 51 799 51 221 493 476 68 850 476 459 884 102 255 731 918 34 646 612 561 119 51 102 34 391 306 459 272 0 646 459 833 17 680 544 68 850 833 663 68 85 425 306 153 595 476 
1632 160 896 128 1600 896 608 64 1472 1120 832 1280 1152 384 576 1632 256 928 640 800 480 416 1280 1280 1312 640 192 1120 672 576 1408 640 1440 1728 1280 640 64 352 704 896 1728 1568 416 1216 1184 640 64 384 1376 1376 1056 256 1312 992 1184 1216 1632 
704 960 1472 1984 3264 2752 2112 1280 3200 1344 1728 1088 3456 2624 3456 0 2688 3392 2816 2368 448 0 576 576 768 
3848 3478 444 74 962 3182 2220 1850 222 3700 2294 1184 3478 3478 1554 962 2294 888 1776 74 3552 592 2886 1258 222 518 3256 0 1110 2220 1998 3108 2146 3404 1776 2886 2516 2072 296 2220 2960 1776 1776 222 3996 666 2664 1184 1184 3922 888 3700 148 3626 2516 2516 2146 74 
960 816 1104 264 0 504 1128 120 264 1200 384 1200 816 1032 72 1176 720 768 1296 1128 1056 24 432 1296 240 720 1080 96 408 72 648 216 1032 48 192 768 960 144 72 792 1272 1200 648 1224 288 264 1224 624 576 816 936 312 120 600 1176 384 384 1200 1152 888 912 1296 288 816 648 1176 720 384 1272 96 312 984 1248 480 144 864 360 0 192 168 888 1200 
287 273 84 301 77 294 154 161 210 161 301 364 252 77 378 133 371 203 315 161 119 371 245 161 21 357 322 364 371 98 315 336 70 294 140 168 343 7 133 266 350 336 28 252 49 91 350 77 133 357 343 56 147 182 357 238 217 126 378 322 378 322 21 357 91 245 91 280 210 77 294 77 343 350 210 
5170 3995 3995 3995 3055 7520 8460 11515 12220 8930 4465 4465 0 705 11750 2585 9635 1880 5875 5640 5170 6815 10810 2585 6815 2820 2820 5640 0 4700 2115 11045 5405 7520 
1710 1800 360 1035 
161 287 133 308 56 7 28 126 21 252 357 259 105 161 98 182 98 126 378 175 252 168 224 77 287 203 7 56 343 189 294 161 154 336 245 112 7 224 112 301 147 210 91 210 364 14 196 182 56 56 91 308 350 63 70 49 112 301 224 224 252 189 175 175 224 28 224 364 378 287 0 126 252 322 49 301 77 84 322 49 189 133 259 287 133 378 238 245 336 350 252 77 
243 486 324 324 171 171 135 189 342 18 99 432 99 351 216 243 270 207 171 198 63 180 216 189 207 72 432 306 261 126 153 369 387 171 441 189 342 450 405 279 468 324 288 225 423 9 486 261 279 333 441 225 54 315 27 18 405 252 288 450 324 36 450 468 450 81 27 126 459 306 189 135 189 
50 2 37 17 45 43 51 19 34 39 41 22 42 28 41 5 41 53 39 4 30 23 44 41 30 1 54 35 24 24 3 
256 704 224 896 1728 224 128 32 
14 32 38 36 4 
9 24 49 52 47 6 20 13 53 13 9 49 52 10 15 26 54 3 32 32 7 31 37 40 49 12 46 9 28 43 52 51 45 40 25 34 26 14 25 13 5 35 45 34 12 15 52 38 27 51 
