8
12
30 87 17 92 1 81 41 44 37 19 27 38
93
41 47 57 98 13 10 15 98 47 71 21 73 44 29 84 94 80 8 62 17 91 18 17 54 66 6 48 50 72 42 40 73 8 21 91 25 71 77 86 56 16 67 62 72 77 46 95 84 37 62 63 74 40 31 2 50 90 90 97 78 5 16 85 88 82 67 49 17 79 37 14 11 16 38 83 24 3 42 73 85 99 10 79 60 36 20 68 3 95 53 84 15 91
54
39 87 66 83 8 32 98 75 10 50 42 60 44 45 60 83 19 81 55 72 0 89 11 91 48 91 33 71 61 72 51 33 78 79 34 21 27 36 74 31 25 94 97 19 94 58 27 64 20 20 64 58 11 20
22
63 43 90 22 90 54 41 90 66 18 78 82 13 75 24 80 79 4 87 44 50 96
60
54 71 40 15 82 73 57 77 59 4 10 83 35 81 1 62 42 71 52 1 57 67 72 13 63 18 32 70 10 39 48 52 15 17 83 91 99 41 81 28 71 17 43 96 13 40 30 49 56 62 42 14 93 85 61 99 57 13 63 2
88
64 94 1 41 66 6 34 30 28 70 28 12 68 79 16 63 23 57 92 45 61 41 67 60 73 76 12 38 25 39 21 47 24 91 27 49 68 53 74 80 2 15 82 21 83 71 57 3 18 79 23 91 14 96 97 53 2 94 14 24 66 87 75 43 97 89 90 32 2 67 15 18 18 93 67 77 76 59 3 78 62 31 69 77 18 17 65 27
73
98 33 70 15 1 39 83 12 32 97 67 64 83 13 50 85 77 3 46 32 8 56 19 79 40 31 8 0 56 12 37 32 74 53 4 97 32 64 35 89 18 67 95 42 50 60 6 33 2 48 68 15 75 58 10 52 42 37 65 64 31 87 69 24 36 97 66 88 99 48 90 22 12
3
29 21 45
