10
12
23
1321432
1
0
98174298349824973294329472974982374973
222222222222222222222222222222222222222222222222222222
3333333333333333333333333333333333333333333333333333333333333333333333333
123456789012345678901234567890123456789012345678901234567890123456789012345678901234567890123456789012345678901234567890
123456789101112131415161718192021222324252627282930313233343536373839404142434445464748495051525354555657585960616263646566676869707172737475767778798081828384858687888990919293949596979899100
